y108=0.0945014	y167=0.811718	y221=0.188282   	y655=0.0186004  	y817=0.00826682 	y823=0.224407	y1025=0.0727622 	y1632=0.0284653
y2142=0.0595825  	y2171=0.000455763	y2590=0.0124002 	y2924=0.038439  	y3310=0.105242  	y3323=0.504133  	y3676=0.126848 	y3947=0.188282
y4072=0.0558011  	y4266=0.0797908 	y4521=0.131193  	y4557=0.163991  	y4570=0.147592  	y4734=0.0693255 	y5110=0.208949  	y5228=0.21206
y6095=0.483466   	y6280=0.573623	y6343=0.119165  	y6512=0.0530906 	y6555=0.704816  	y7038=0.0124002 	y7546=0.147592  	y7552=0.033144
y8076=0.811718   	y8122=0.126848  	y8401=0.147592  	y8538=0.409632  	y8662=0.0835365 	y8814=0.286917  	y9821=0.0614341 	y10334=0.0406904
y10587=0.377637  	y10728=0.577968 	y11341=0.328251 	y11372=0.188282 	y11392=0.398304 	y11540=0.0737577	y11996=0.147592
y12081=0.522167  	y12297=0.0406904	y12591=0.0155003	y13478=0.147592 	y13664=0.22135  	y13670=1        	y13976=0.0537344
y14424=0.165262  	y14619=0.0406904	y14634=0.147592 	y14735=0.146446 	y14830=0.188282 	y15051=0.0982899	y15233=0.704816
y15389=0.307584  	y15677=0.131193	y15750=0.0826682	y15815=0.267283 	y15993=0.0439264	y16119=0.483466 	y16371=0.0124002
y16381=0.0124002 	y16460=0.483466 	y16524=0.22135  	y16604=0.0330673	y16647=0.142455 	y16829=0.483466 	y16931=0.483466
y17178=0.485533  	y17353=0.0124002	y17546=0.0206671	 y17665=0.295184 	y17676=0.147592 	y17736=0.331234 	y17754=0.0206671
y17755=0.119165  	y17835=0.155321 	y17998=0.307584 	y18026=0.188282 	y18029=0.147592 	y18052=0.167615 	y18149=0.504133 	y18187=0.175706
y18235=0.147592  	y18253=0.188282 	y18310=0.235974	y18375=0.142682 	y18380=0.208385 	y18406=0.147592 	y18412=0.147592 	y18416=0.147592
y18429=0.279295  	y18434=0.0124002	y18448=0.664126






y108=0.0945014	y167=1	  	y221=0.188282	y655=0.0186004	y817=0.00826682	y823=0.224407	y1025=0.0727622	y1632=0.0284653
y2142=0.0595825	y2171=0.000455763  y2590=0.0124002	y2924=0.038439  	y3310=0.105242  	y3323=1 		y3676=0.126848  	y3947=0.188282
y4072=0.0558011	y4266=0.0797908 	y4521=0.131193  	y4557=0.163991  	y4570=0.147592  	y4734=0.0693255 	y5110=0.208949  	y5228=0.21206
y6095=0.483466	y6280=1 		y6343=0.119165  	y6512=0.0530906 	y6555=1 		y7038=0.0124002 	y7546=0.147592  	y7552=0.033144	y8076=1
y8122=0.126848	y8401=0.147592  	y8538=0.409632  	y8662=0.0835365 	y8814=0.286917  	y9821=0.0614341 	y10334=0.0406904	y10587=0.377637
y10728=1		y11341=0.328251 	y11372=0.188282 	y11392=0.398304 	y11540=0.0737577	y11996=0.147592 	y12081=1		y12297=0.0406904 
y12591=0.0155003	y13478=0.147592 	y13664=0.22135  	y13670=1        	y13976=0.0537344	y14424=0.165262 	y14619=0.0406904
y14634=0.147592	y14735=0.146446 	y14830=0.188282 	y15051=0.0982899	y15233=1        	y15389=0.307584 	y15677=0.131193
y15750=0.0826682 	y15815=0.267283 	y15993=0.0439264	y16119=0.483466 	y16371=0.0124002	y16381=0.0124002	y16460=0.483466 
y16524=0.22135   	y16604=0.0330673	y16647=0.142455 	y16829=0.483466 	y16931=0.483466 	y17178=0.485533 	y17353=0.0124002
y17546=0.0206671 	y17665=0.295184 	y17676=0.147592 	y17736=0.331234 	y17754=0.0206671	y17755=0.119165 	y17835=0.155321
y17998=0.307584  	y18026=0.188282 	y18029=0.147592 	y18052=0.167615 	y18149=1        	y18187=0.175706 	y18235=0.147592	y18253=0.188282
y18310=0.235974  	y18375=0.142682 	y18380=0.208385 	y18406=0.147592 	y18412=0.147592 	y18416=0.147592 	y18429=0.279295	y18434=0.0124002
y18448=1